1.75000e+02
1.74887e+02
1.74773e+02
1.74660e+02
1.74547e+02
1.74434e+02
1.74320e+02
1.74207e+02
1.74094e+02
1.73980e+02
1.73867e+02
1.73754e+02
1.73641e+02
1.73527e+02
1.73414e+02
1.73301e+02
1.73187e+02
1.73074e+02
1.72961e+02
1.72848e+02
1.72734e+02
1.72621e+02
1.72508e+02
1.72394e+02
1.72281e+02
1.72168e+02
1.72055e+02
1.71941e+02
1.71828e+02
1.71715e+02
1.71601e+02
1.71488e+02
1.71375e+02
1.71262e+02
1.71148e+02
1.71035e+02
1.70922e+02
1.70808e+02
1.70695e+02
1.70582e+02
1.70469e+02
1.70355e+02
1.70242e+02
1.70129e+02
1.70015e+02
1.69902e+02
1.69789e+02
1.69676e+02
1.69562e+02
1.69449e+02
1.69336e+02
1.69222e+02
1.69109e+02
1.68996e+02
1.68883e+02
1.68769e+02
1.68656e+02
1.68543e+02
1.68430e+02
1.68316e+02
1.68203e+02
1.68090e+02
1.67976e+02
1.67863e+02
1.67750e+02
1.67637e+02
1.67523e+02
1.67410e+02
1.67297e+02
1.67183e+02
1.67070e+02
1.66957e+02
1.66844e+02
1.66730e+02
1.66617e+02
1.66504e+02
1.66390e+02
1.66277e+02
1.66164e+02
1.66051e+02
1.65937e+02
1.65824e+02
1.65711e+02
1.65597e+02
1.65484e+02
1.65371e+02
1.65258e+02
1.65144e+02
1.65031e+02
1.64918e+02
1.64804e+02
1.64691e+02
1.64578e+02
1.64465e+02
1.64351e+02
1.64238e+02
1.64125e+02
1.64011e+02
1.63898e+02
1.63785e+02
1.63672e+02
1.63558e+02
1.63445e+02
1.63332e+02
1.63218e+02
1.63105e+02
1.62992e+02
1.62879e+02
1.62765e+02
1.62652e+02
1.62539e+02
1.62425e+02
1.62312e+02
1.62199e+02
1.62086e+02
1.61972e+02
1.61859e+02
1.61746e+02
1.61632e+02
1.61519e+02
1.61406e+02
1.61293e+02
1.61179e+02
1.61066e+02
1.60953e+02
1.60839e+02
1.60726e+02
1.60613e+02
1.60500e+02
1.60386e+02
1.60273e+02
1.60160e+02
1.60046e+02
1.59933e+02
1.59820e+02
1.59707e+02
1.59593e+02
1.59480e+02
1.59367e+02
1.59253e+02
1.59140e+02
1.59027e+02
1.58914e+02
1.58800e+02
1.58687e+02
1.58574e+02
1.58460e+02
1.58347e+02
1.58234e+02
1.58121e+02
1.58007e+02
1.57894e+02
1.57781e+02
1.57667e+02
1.57554e+02
1.57415e+02
1.57269e+02
1.57122e+02
1.56976e+02
1.56830e+02
1.56684e+02
1.56538e+02
1.56392e+02
1.56245e+02
1.56099e+02
1.55953e+02
1.55807e+02
1.55661e+02
1.55515e+02
1.55368e+02
1.55222e+02
1.55094e+02
1.54995e+02
1.54896e+02
1.54796e+02
1.54697e+02
1.54598e+02
1.54499e+02
1.54399e+02
1.54300e+02
1.54201e+02
1.54102e+02
1.54003e+02
1.53903e+02
1.53804e+02
1.53705e+02
1.53606e+02
1.53506e+02
1.53407e+02
1.53308e+02
1.53209e+02
1.53110e+02
1.53010e+02
1.52911e+02
1.52829e+02
1.52751e+02
1.52673e+02
1.52596e+02
1.52518e+02
1.52440e+02
1.52362e+02
1.52284e+02
1.52206e+02
1.52128e+02
1.52050e+02
1.51972e+02
1.51870e+02
1.51740e+02
1.51610e+02
1.51480e+02
1.51350e+02
1.51220e+02
1.51091e+02
1.50961e+02
1.50831e+02
1.50701e+02
1.50571e+02
1.50441e+02
1.50311e+02
1.50181e+02
1.50051e+02
1.49921e+02
1.49791e+02
1.49687e+02
1.49598e+02
1.49508e+02
1.49419e+02
1.49329e+02
1.49240e+02
1.49150e+02
1.49061e+02
1.48972e+02
1.48882e+02
1.48793e+02
1.48703e+02
1.48614e+02
1.48524e+02
1.48435e+02
1.48345e+02
1.48256e+02
1.48166e+02
1.48077e+02
1.47987e+02
1.47898e+02
1.47809e+02
1.47719e+02
1.47630e+02
1.47540e+02
1.47451e+02
1.47311e+02
1.46976e+02
1.46641e+02
1.46305e+02
1.45970e+02
1.45635e+02
1.45529e+02
1.45487e+02
1.45444e+02
1.45402e+02
1.45360e+02
1.45317e+02
1.45275e+02
1.45232e+02
1.45190e+02
1.45148e+02
1.45105e+02
1.45063e+02
1.45020e+02
1.44978e+02
1.44936e+02
1.44466e+02
1.43609e+02
1.42751e+02
1.42718e+02
1.42694e+02
1.42670e+02
1.42646e+02
1.42622e+02
1.42598e+02
1.42574e+02
1.42550e+02
1.42526e+02
1.42502e+02
1.42478e+02
1.42454e+02
1.42430e+02
1.42406e+02
1.42382e+02
1.42358e+02
1.42334e+02
1.42248e+02
1.41345e+02
1.40441e+02
1.39686e+02
1.39669e+02
1.39652e+02
1.39635e+02
1.39618e+02
1.39602e+02
1.39585e+02
1.39568e+02
1.39551e+02
1.39534e+02
1.39518e+02
1.39501e+02
1.39484e+02
1.39467e+02
1.39451e+02
1.39434e+02
1.39417e+02
1.39400e+02
1.38718e+02
1.38197e+02
1.38144e+02
1.38092e+02
1.38039e+02
1.37986e+02
1.37933e+02
1.37880e+02
1.37828e+02
1.37775e+02
1.37722e+02
1.37669e+02
1.37616e+02
1.37564e+02
1.37511e+02
1.37458e+02
1.37405e+02
1.37352e+02
1.37184e+02
1.36989e+02
1.36794e+02
1.36599e+02
1.36405e+02
1.36210e+02
1.36015e+02
1.35820e+02
1.35626e+02
1.35431e+02
1.35236e+02
1.35041e+02
1.34858e+02
1.34814e+02
1.34769e+02
1.34725e+02
1.34680e+02
1.34636e+02
1.34591e+02
1.34547e+02
1.34502e+02
1.34458e+02
1.34413e+02
1.34369e+02
1.34324e+02
1.34280e+02
1.34235e+02
1.34191e+02
1.34146e+02
1.34102e+02
1.34057e+02
1.34013e+02
1.33968e+02
1.33924e+02
1.33861e+02
1.33703e+02
1.33545e+02
1.33386e+02
1.33228e+02
1.33070e+02
1.32911e+02
1.32753e+02
1.32595e+02
1.32436e+02
1.32331e+02
1.32239e+02
1.32148e+02
1.32056e+02
1.31964e+02
1.31872e+02
1.31780e+02
1.31688e+02
1.31596e+02
1.31505e+02
1.31413e+02
1.31321e+02
1.31229e+02
1.31137e+02
1.31045e+02
1.30953e+02
1.30862e+02
1.30770e+02
1.30678e+02
1.30586e+02
1.30494e+02
1.30402e+02
1.30310e+02
1.30219e+02
1.30127e+02
1.30035e+02
1.29954e+02
1.29880e+02
1.29806e+02
1.29732e+02
1.29658e+02
1.29584e+02
1.29509e+02
1.29435e+02
1.29361e+02
1.29287e+02
1.29213e+02
1.29139e+02
1.29065e+02
1.28991e+02
1.28916e+02
1.28842e+02
1.28768e+02
1.28694e+02
1.28604e+02
1.28445e+02
1.28286e+02
1.28127e+02
1.27968e+02
1.27808e+02
1.27649e+02
1.27490e+02
1.27331e+02
1.27172e+02
1.27012e+02
1.26853e+02
1.26694e+02
1.26535e+02
1.26376e+02
1.26216e+02
1.26057e+02
1.25898e+02
1.25739e+02
1.25580e+02
1.25421e+02
1.25261e+02
1.25102e+02
1.24943e+02
1.24784e+02
1.24625e+02
1.24465e+02
1.24306e+02
1.24147e+02
1.23988e+02
1.23829e+02
1.23669e+02
1.23510e+02
1.23355e+02
1.23225e+02
1.23095e+02
1.22966e+02
1.22836e+02
1.22707e+02
1.22577e+02
1.22448e+02
1.22318e+02
1.22189e+02
1.22059e+02
1.21929e+02
1.21800e+02
1.21670e+02
1.21541e+02
1.21411e+02
1.21282e+02
1.21152e+02
1.21023e+02
1.20893e+02
1.20763e+02
1.20634e+02
1.20516e+02
1.20409e+02
1.20302e+02
1.20196e+02
1.20089e+02
1.19983e+02
1.19876e+02
1.19770e+02
1.19663e+02
1.19556e+02
1.19450e+02
1.19343e+02
1.19237e+02
1.19130e+02
1.19024e+02
1.18927e+02
1.18842e+02
1.18756e+02
1.18670e+02
1.18585e+02
1.18499e+02
1.18413e+02
1.18327e+02
1.18242e+02
1.18156e+02
1.18070e+02
1.17985e+02
1.17899e+02
1.17813e+02
1.17728e+02
1.17645e+02
1.17590e+02
1.17536e+02
1.17482e+02
1.17428e+02
1.17374e+02
1.17320e+02
1.17266e+02
1.17211e+02
1.17157e+02
1.17103e+02
1.17049e+02
1.16995e+02
1.16941e+02
1.16887e+02
1.16833e+02
1.16778e+02
1.16678e+02
1.16556e+02
1.16434e+02
1.16312e+02
1.16190e+02
1.16068e+02
1.15946e+02
1.15824e+02
1.15701e+02
1.15579e+02
1.15457e+02
1.15335e+02
1.15213e+02
1.15091e+02
1.14969e+02
1.14847e+02
1.14724e+02
1.14602e+02
1.14480e+02
1.14358e+02
1.14236e+02
1.14114e+02
1.13992e+02
1.13870e+02
1.13822e+02
1.13781e+02
1.13740e+02
1.13698e+02
1.13657e+02
1.13616e+02
1.13575e+02
1.13533e+02
1.13492e+02
1.13451e+02
1.13410e+02
1.13368e+02
1.13327e+02
1.13286e+02
1.13245e+02
1.13203e+02
1.13162e+02
1.13121e+02
1.13080e+02
1.13038e+02
1.12964e+02
1.12099e+02
1.12001e+02
1.11902e+02
1.11804e+02
1.11705e+02
1.11607e+02
1.11508e+02
1.11410e+02
1.11311e+02
1.11213e+02
1.11114e+02
1.11016e+02
1.10917e+02
1.10818e+02
1.10720e+02
1.10621e+02
1.10523e+02
1.10424e+02
1.10326e+02
1.10227e+02
1.10129e+02
1.10030e+02
1.09932e+02
1.09833e+02
1.09735e+02
1.09636e+02
1.09538e+02
1.09439e+02
1.09344e+02
1.09249e+02
1.09154e+02
1.09059e+02
1.08964e+02
1.08869e+02
1.08773e+02
1.08678e+02
1.08583e+02
1.08488e+02
1.08393e+02
1.08298e+02
1.08203e+02
1.08108e+02
1.08013e+02
1.07918e+02
1.07823e+02
1.07727e+02
1.07631e+02
1.07536e+02
1.07440e+02
1.07344e+02
1.07248e+02
1.07153e+02
1.07057e+02
1.06961e+02
1.06866e+02
1.06770e+02
1.06674e+02
1.06578e+02
1.06483e+02
1.06387e+02
1.06291e+02
1.06196e+02
1.06100e+02
1.06004e+02
1.05908e+02
1.05813e+02
1.05721e+02
1.05635e+02
1.05549e+02
1.05462e+02
1.05376e+02
1.05290e+02
1.05203e+02
1.05117e+02
1.05031e+02
1.04944e+02
1.04858e+02
1.04771e+02
1.04685e+02
1.04599e+02
1.04512e+02
1.04426e+02
1.04340e+02
1.04253e+02
1.04167e+02
1.04081e+02
1.03994e+02
1.03908e+02
1.03757e+02
1.03591e+02
1.03425e+02
1.03260e+02
1.03094e+02
1.02928e+02
1.02762e+02
1.02597e+02
1.02431e+02
1.02265e+02
1.02099e+02
1.01934e+02
1.01754e+02
1.01546e+02
1.01338e+02
1.01130e+02
1.00922e+02
1.00714e+02
1.00634e+02
1.00564e+02
1.00493e+02
1.00423e+02
1.00353e+02
1.00283e+02
1.00213e+02
1.00143e+02
1.00073e+02
1.00003e+02
9.99333e+01
9.98632e+01
9.97932e+01
9.97232e+01
9.96532e+01
9.95467e+01
9.94099e+01
9.92730e+01
9.91361e+01
9.89992e+01
9.88623e+01
9.87255e+01
9.85886e+01
9.84517e+01
9.83148e+01
9.81780e+01
9.80411e+01
9.79042e+01
9.77673e+01
9.76408e+01
9.75359e+01
9.74310e+01
9.73261e+01
9.72212e+01
9.71164e+01
9.70115e+01
9.69066e+01
9.68017e+01
9.66968e+01
9.65919e+01
9.64870e+01
9.64014e+01
9.63582e+01
9.63150e+01
9.62718e+01
9.62286e+01
9.61854e+01
9.61422e+01
9.60990e+01
9.60558e+01
9.60126e+01
9.59694e+01
9.59262e+01
9.58830e+01
9.58398e+01
9.57966e+01
9.57534e+01
9.57102e+01
9.56670e+01
9.56238e+01
9.55806e+01
9.55374e+01
9.54942e+01
9.54510e+01
9.54079e+01
9.53647e+01
9.53216e+01
9.52984e+01
9.52753e+01
9.52522e+01
9.52290e+01
9.52059e+01
9.51827e+01
9.51596e+01
9.51365e+01
9.51133e+01
9.50902e+01
9.50670e+01
9.50439e+01
9.50207e+01
9.49976e+01
9.49745e+01
9.49513e+01
9.49282e+01
9.49050e+01
9.48819e+01
9.48587e+01
9.48356e+01
9.48125e+01
9.47893e+01
9.47822e+01
9.47796e+01
9.47771e+01
9.47746e+01
9.47720e+01
9.47695e+01
9.47670e+01
9.47645e+01
9.47619e+01
9.47594e+01
9.47569e+01
9.47543e+01
9.47518e+01
9.47493e+01
9.47468e+01
9.47442e+01
9.47417e+01
9.47392e+01
9.47366e+01
9.47341e+01
9.47316e+01
9.47290e+01
9.47265e+01
9.47240e+01
9.47215e+01
9.47189e+01
9.47109e+01
9.47021e+01
9.46934e+01
9.46847e+01
9.46759e+01
9.46672e+01
9.46585e+01
9.46497e+01
9.46410e+01
9.46323e+01
9.46235e+01
9.46148e+01
9.46061e+01
9.45973e+01
9.45886e+01
9.45799e+01
9.45712e+01
9.45624e+01
9.45537e+01
9.45450e+01
9.45362e+01
9.45275e+01
9.45188e+01
9.45100e+01
9.45013e+01
9.44926e+01
9.44769e+01
9.44598e+01
9.44427e+01
9.44256e+01
9.44084e+01
9.43913e+01
9.43742e+01
9.43571e+01
9.43400e+01
9.43229e+01
9.43058e+01
9.42887e+01
9.42716e+01
9.42545e+01
9.42374e+01
9.42203e+01
9.42032e+01
9.41860e+01
9.41689e+01
9.41518e+01
9.41347e+01
9.41385e+01
9.41444e+01
9.41503e+01
9.41562e+01
9.41620e+01
9.41679e+01
9.41738e+01
9.41797e+01
9.41856e+01
9.41914e+01
9.41973e+01
9.42032e+01
9.42091e+01
9.42150e+01
9.42208e+01
9.42267e+01
9.42326e+01
9.42385e+01
9.42444e+01
9.42502e+01
9.42561e+01
9.42620e+01
9.42679e+01
9.42738e+01
9.42796e+01
9.42855e+01
9.42914e+01
9.42917e+01
9.42904e+01
9.42891e+01
9.42878e+01
9.42865e+01
9.42853e+01
9.42840e+01
9.42827e+01
9.42814e+01
9.42801e+01
9.42788e+01
9.42776e+01
9.42763e+01
9.42750e+01
9.42737e+01
9.42724e+01
9.42711e+01
9.42699e+01
9.42686e+01
9.42673e+01
9.42660e+01
9.42647e+01
9.42634e+01
9.42621e+01
9.42609e+01
9.42622e+01
9.42642e+01
9.42663e+01
9.42683e+01
9.42704e+01
9.42724e+01
9.42745e+01
9.42765e+01
9.42786e+01
9.42806e+01
9.42827e+01
9.42847e+01
9.42868e+01
9.42888e+01
9.42909e+01
9.42929e+01
9.42950e+01
9.42970e+01
9.42991e+01
9.43011e+01
9.43032e+01
9.43052e+01
9.43073e+01
9.43093e+01
9.43114e+01
9.42947e+01
9.42728e+01
9.42510e+01
9.42291e+01
9.42073e+01
9.41854e+01
9.41636e+01
9.41417e+01
9.41199e+01
9.40980e+01
9.40762e+01
9.40543e+01
9.40325e+01
9.40106e+01
9.39888e+01
9.39669e+01
9.39451e+01
9.39232e+01
9.39014e+01
9.38795e+01
9.38577e+01
9.38358e+01
9.38140e+01
9.37921e+01
9.37703e+01
9.37484e+01
9.37267e+01
9.37164e+01
9.37061e+01
9.36958e+01
9.36855e+01
9.36751e+01
9.36648e+01
9.36545e+01
9.36442e+01
9.36338e+01
9.36235e+01
9.36132e+01
9.36029e+01
9.35925e+01
9.35822e+01
9.35719e+01
9.35616e+01
9.35513e+01
9.35409e+01
9.35306e+01
9.35203e+01
9.35100e+01
9.34996e+01
9.34893e+01
9.34869e+01
9.34866e+01
9.34863e+01
9.34861e+01
9.34858e+01
9.34855e+01
9.34852e+01
9.34850e+01
9.34847e+01
9.34844e+01
9.34841e+01
9.34839e+01
9.34836e+01
9.34833e+01
9.34830e+01
9.34828e+01
9.34825e+01
9.34822e+01
9.34819e+01
9.34816e+01
9.34814e+01
9.34811e+01
9.34808e+01
9.34805e+01
9.34803e+01
9.34800e+01
9.34797e+01
9.34794e+01
9.34792e+01
9.34789e+01
9.34786e+01
9.34783e+01
9.34781e+01
9.34778e+01
9.34775e+01
9.34772e+01
9.34770e+01
9.34767e+01
9.34764e+01
9.34761e+01
